18,138
18,137
18,136
18,135
18,133
18,132
18,131
18,130
18,129
18,128
18,127
18,126
18,125
18,124
18,123
18,122
18,121
18,120
18,119
18,118
18,117
18,116
18,115
18,114
18,113
18,112
18,111
18,110
18,109
18,107
18,106
18,105
18,104
18,103
18,102
18,101
18,100
18,99
18,98
18,97
18,96
18,95
18,94
18,93
18,92
18,91
18,90
18,89
18,88
18,87
18,86
18,85
18,84
18,83
18,82
18,81
18,80
18,79
18,78
18,77
18,76
18,75
18,74
18,73
18,72
18,71
18,70
18,69
18,68
18,67
18,66
18,65
18,64
18,63
18,62
18,61
18,60
18,59
18,58
18,57
18,56
18,55
18,54
18,53
18,52
18,51
18,50
18,49
18,48
18,47
18,46
18,45
18,44
18,43
18,42
18,41
18,40
18,39
18,38
18,37
18,36
18,35
18,34
18,33
18,32
18,31
18,30
18,29
18,28
18,27
18,26
18,25
18,24
18,23
18,22
18,21
18,20
18,19
18,18
18,17
18,16
18,15
18,14
18,13
18,12
18,11
18,10
18,9
18,8
18,7
18,6
18,5
18,4
18,3
18,2
18,1
18,0
17,5
17,4
17,3
17,2
17,1
17,0
16,9
16,8
16,7
16,6
16,5
16,4
16,3
16,2
16,1
16,0
15,14
15,13
15,12
15,11
15,10
15,9
15,8
15,7
15,6
15,5
15,4
15,3
15,2
15,1
15,0
14,9
14,8
14,7
14,6
14,5
14,4
14,3
14,2
14,1
14,0
13,8
13,7
13,6
13,5
13,4
13,3
13,2
13,1
13,0
12,7
12,6
12,5
12,4
12,3
12,2
12,1
12,0
11,5
11,4
11,3
11,2
11,1
11,0
10,7
10,6
10,5
10,4
10,3
10,2
10,1
10,0
9,9
9,8
9,7
9,6
9,5
9,4
9,3
9,2
9,1
9,0
8,3
8,2
8,1
8,0
7,3
5,8
5,7
5,6
5,5
5,4
5,3
5,2
5,0
4,3
3,2
3,0
2,2
2,0
1,2
1,0
0,9
18,139
18,140
18,142
18,143
18,145
18,146
18,148
18,150
18,151
18,154
18,155
18,157
18,159
18,160
18,162
18,163
18,165
18,166
18,168
18,170
18,171
18,173
18,174
18,176
18,178
18,179
18,181
18,182
18,185
18,186
18,188
18,190
18,191
18,193
18,194
18,196
18,198
18,199
18,201
18,202
18,204
18,205
18,207
18,209
18,210
18,212
18,213
18,215
18,217
18,218
18,220
18,221
18,223
18,225
18,226
18,228
18,229
18,231
18,232
18,234
18,236
18,237
18,239
18,240
18,242
18,244
18,245
18,247
18,248
18,250
18,251
18,253
18,255
18,256
18,258
18,259
18,261
18,263
18,264
18,266
18,267
18,269
18,320
18,322
18,324
18,325
18,327
18,328
18,330
18,332
18,333
18,335
18,337
18,340
19,0
19,1
19,3
19,4
19,6
19,7
19,9
19,11
20,0
20,2
20,3
20,5
20,7
20,8
21,0
21,1
21,3
22,0
22,2
22,4
22,5
22,7
22,8
22,10
22,12
23,0
23,2
23,3
23,5
23,6
23,8
23,10
23,11
26,0
26,1
26,3
26,5
26,6
26,8
26,9
26,11
26,10
26,7
26,4
26,2
23,12
23,9
23,7
23,4
23,1
22,11
22,9
22,6
22,3
22,1
21,2
20,9
20,6
20,4
20,1
19,10
19,8
19,5
19,2
18,375
18,339
18,334
18,331
18,329
18,326
18,323
18,321
18,268
18,265
18,262
18,260
18,257
18,254
18,252
18,249
18,246
18,243
18,241
18,238
18,235
18,233
18,230
18,227
18,224
18,222
18,219
18,216
18,214
18,211
18,208
18,206
18,203
18,200
18,197
18,195
18,192
18,189
18,187
18,183
18,180
18,177
18,175
18,172
18,169
18,167
18,164
18,161
18,158
18,156
18,152
18,149
18,147
18,144
18,141
1,45
3,44
2,44
1,44
3,43
2,43
1,43
3,42
2,42
1,42
3,41
2,41
1,41
3,40
2,40
1,40
3,39
2,39
1,39
3,38
2,38
1,38
3,37
2,37
1,37
3,36
2,36
1,36
3,35
2,35
1,35
3,34
2,34
1,34
3,33
2,33
1,33
3,32
2,32
1,32
3,31
2,31
1,31
3,30
2,30
1,30
3,29
2,29
1,29
3,28
2,28
1,28
3,27
2,27
1,27
3,26
2,26
1,26
3,25
2,25
1,25
3,24
2,24
1,24
3,23
2,23
1,23
3,22
2,22
1,22
3,21
2,21
1,21
3,20
2,20
1,20
3,19
2,19
1,19
3,18
2,18
1,18
3,17
2,17
1,17
3,16
2,16
1,16
3,15
2,15
1,15
3,14
2,14
1,14
3,13
2,13
1,13
3,12
2,12
1,12
3,11
2,11
1,11
3,10
2,10
1,10
3,9
2,9
1,9
3,8
2,8
1,8
3,7
2,7
1,7
3,6
2,6
1,6
3,5
2,5
1,5
3,4
2,4
1,4
3,3
2,3
1,3
0,6
0,5
0,47
0,46
0,49
0,48
0,45
0,12
0,10
0,8
0,11
0,7
0,4
0,3
